# Single 4-simplex
[[1,2,3,4,5]]

0, 0, 0, 0
0, 0, 0, 1
0, 0, 1, 1
0, 1, 1, 1
1//2, 1, 1, 1

# Two 4-simplces sharing one timelike tetrahedron
[[1,2,3,4,5], [1,2,4,5,6]]

0, 0, 0, 0
0, 0, 0, 1
0, 0, 1, 1
0, 1, 1, 1
1//2, 1, 1, 1
0, 1, 0, 1


# Two 4-simplces sharing one spacelike tetrahedron
[[1,2,3,4,5], [1,2,3,5,6]]

0, 0, 0, 0
0, 0, 0, 1
0, 0, 1, 1
0, 1, 1, 1
1//2, 1, 1, 1
1//2, 0, 1, 1

0.0, 0.0, 0.0, 0.0
0.0, 0.0, 0.0, 1.0
0.0, 0.0, 1.0, 1.0
0.0, 1.0, 1.0, 1.0
0.5, 1.0, 1.0, 1.0
0.5, 0.0, 1.0, 1.0

# Delta3 boundary points

[[1,2,3,4,5], [1,2,3,5,6], [1,3,4,5,6]]

0,0,0,0
0,-2.7745276335252114,-0.9809436521275706,-1.6990442448471226
0,0,0,-3.398088489694245
-0.24028114141347542,-0.6936319083813028,-0.9809436521275706,-1.6990442448471226
0,0,-2.942830956382712,-1.6990442448471226
0.8981365593438019,2.7437225604241213,-0.9809436521275707,-1.6990442448471226

bdypoints_all = [
    [
        [0.0, 0.0, 0.0, 0.0],
        [0.0, -2.7745276335252114, -0.9809436521275706, -1.6990442448471226],
        [0.0, 0.0, 0.0, -3.398088489694245],
        [-0.24028114141347542, -0.6936319083813029, -0.9809436521275706, -1.6990442448471226],
        [0.0, 0.0, -2.942830956382712, -1.6990442448471226]
    ],

    [
        [0.0, 0.0, 0.0, 0.0],
        [0.0, -2.7745276335252114, -0.9809436521275706, -1.6990442448471226],
        [0.0, 0.0, 0.0, -3.398088489694245],
        [0.0, 0.0, -2.942830956382712, -1.6990442448471226],
        [0.8981365593438019, 2.7437225604241213, -0.9809436521275707, -1.6990442448471226]
    ],

    [
        [0.0, 0.0, 0.0, 0.0],
        [0.0, 0.0, 0.0, -3.398088489694245],
        [-0.24028114141347542, -0.6936319083813029, -0.9809436521275706, -1.6990442448471226],
        [0.0, 0.0, -2.942830956382712, -1.6990442448471226],
        [0.8981365593438019, 2.7437225604241213, -0.9809436521275707, -1.6990442448471226]
    ]
]

# Double-Delta3 boundary points

[[1,2,3,4,6], [1,2,3,5,6], [1,2,4,5,6],[1,2,3,4,7], [1,2,3,5,7], [1,3,4,5,7]]

0, 0, 0, 0 
0.89813655934380194620, 2.7437225604241212506, -0.98094365212757066726, -1.6990442448471225756
0, 0, 0, -3.3980884896942451512}, {-0.24028114141347542421, \
-0.69363190838130284188, -0.98094365212757062000, \
-1.6990442448471225756}, {0, 
  0, -2.9428309563827119710, -1.6990442448471225756}, {0, \
-2.7745276335252113675, -0.98094365212757062000, \
-1.6990442448471225756}, {-2.1843740128497750597, \
-3.5312169881229951152, -0.98094365212757062000, \
-1.6990442448471225756}}

bdypoints_all = [
    [
        [0.0, 0.0, 0.0, 0.0],
        [0.0, -2.7745276335252114, -0.9809436521275706, -1.6990442448471226],
        [0.0, 0.0, 0.0, -3.398088489694245],
        [-0.24028114141347542, -0.6936319083813029, -0.9809436521275706, -1.6990442448471226],
        [0.0, 0.0, -2.942830956382712, -1.6990442448471226]
    ],

    [
        [0.0, 0.0, 0.0, 0.0],
        [0.0, -2.7745276335252114, -0.9809436521275706, -1.6990442448471226],
        [0.0, 0.0, 0.0, -3.398088489694245],
        [0.0, 0.0, -2.942830956382712, -1.6990442448471226],
        [0.8981365593438019, 2.7437225604241213, -0.9809436521275707, -1.6990442448471226]
    ],

    [
        [0.0, 0.0, 0.0, 0.0],
        [0.0, 0.0, 0.0, -3.398088489694245],
        [-0.24028114141347542, -0.6936319083813029, -0.9809436521275706, -1.6990442448471226],
        [0.0, 0.0, -2.942830956382712, -1.6990442448471226],
        [0.8981365593438019, 2.7437225604241213, -0.9809436521275707, -1.6990442448471226]
    ]
]

# Hypercube 
[[1, 2, 4, 8, 16], [1, 2, 4, 12, 16], [1, 2, 6, 8, 16], [1, 3, 4, 8, 16], [1, 2, 6, 14, 16], [1, 5, 6, 8, 16], [1, 3, 4, 12, 16], [1, 3, 7, 8, 16], [1, 3, 7, 15, 16], [1, 5, 7, 8, 16], [1, 5, 6, 14, 16], [1, 5, 7, 15, 16], [1, 2, 10, 12, 16], [1, 2, 10, 14, 16], [1, 9, 10, 12, 16], [1, 3, 11, 12, 16], [1, 3, 11, 15, 16], [1, 9, 11, 12, 16], [1, 9, 10, 14, 16], [1, 9, 11, 15, 16], [1, 5, 13, 14, 16], [1, 5, 13, 15, 16], [1, 9, 13, 14, 16], [1, 9, 13, 15, 16]]

[
[0.0, 0.0, 0.0, 0.0], [0.0, 0.0, 0.0, 1.0], [0.0, 0.0, 1.0, 0.0], [0.0, 0.0, 1.0, 1.0], [0.0, 1.0, 0.0, 0.0],
[0.0, 1.0, 0.0, 1.0], [0.0, 1.0, 1.0, 0.0], [0.0, 1.0, 1.0, 1.0], [2.0, 0.0, 0.0, 0.0], [2.0, 0.0, 0.0, 1.0], 
[2.0, 0.0, 1.0, 0.0], [2.0, 0.0, 1.0, 1.0], [2.0, 1.0, 0.0, 0.0], [2.0, 1.0, 0.0, 1.0], [2.0, 1.0, 1.0, 0.0], 
[2.0, 1.0, 1.0, 1.0]
]

0.0, 0.0, 0.0, 0.0
0.0, 0.0, 0.0, 1.0
0.0, 0.0, 1.0, 0.0
0.0, 0.0, 1.0, 1.0
0.0, 1.0, 0.0, 0.0
0.0, 1.0, 0.0, 1.0
0.0, 1.0, 1.0, 0.0
0.0, 1.0, 1.0, 1.0
0.5, 0.0, 0.0, 0.0
0.5, 0.0, 0.0, 1.0
0.5, 0.0, 1.0, 0.0
0.5, 0.0, 1.0, 1.0
0.5, 1.0, 0.0, 0.0
0.5, 1.0, 0.0, 1.0
0.5, 1.0, 1.0, 0.0
0.5, 1.0, 1.0, 1.0

0.0, 0.0, 0.0, 0.0
0.0, 0.0, 0.0, 1.0
0.0, 0.0, 1.0, 0.0
0.0, 0.0, 1.0, 1.0
0.0, 1.0, 0.0, 0.0
0.0, 1.0, 0.0, 1.0
0.0, 1.0, 1.0, 0.0
0.0, 1.0, 1.0, 1.0
2.0, 0.0, 0.0, 0.0
2.0, 0.0, 0.0, 1.0
2.0, 0.0, 1.0, 0.0
2.0, 0.0, 1.0, 1.0
2.0, 1.0, 0.0, 0.0
2.0, 1.0, 0.0, 1.0
2.0, 1.0, 1.0, 0.0
2.0, 1.0, 1.0, 1.0

